=== Pair 23 Results ===

Addition cannot be done (shapes differ).

Subtraction cannot be done (shapes differ).

Element-wise Multiplication cannot be done (shapes differ).

Element-wise Division cannot be done (shapes differ).

Transpose A - 4,8
680054.286475,256245.105381,699765.808307,576745.578443,473154.471414,220442.521011,882363.362302,715058.975636
407669.537635,763557.016407,602970.504126,605729.978855,810746.812020,606158.011708,43972.923272,576798.408249
113314.308790,699807.867483,819590.161744,233933.441120,501835.643019,793341.371347,356331.860541,222716.715323
91208.815606,901171.182954,124424.979022,273383.405718,550964.430517,216824.086063,284527.150147,973810.415768

Transpose B - 8,4
532502.085444,533977.757628,855165.878999,344606.746834
112160.782128,452764.159973,589962.215304,396680.650592
926821.672473,216882.845037,344385.579876,679743.002665
429754.092170,424598.765165,69593.527111,938862.084531
931327.456393,316286.343066,366736.125870,15091.441268
15599.716074,539078.776956,696034.965494,720001.106351
8844.375660,319389.149857,866367.067633,643131.566881
163627.107596,608839.005320,370507.683067,187309.642882

Matrix Multiplication - 8,8
708150495030.779907,363885509368.130798,819727948450.822266,558870535953.882080,805226459165.022705,374915818688.318970,293050936547.916626,418548544384.095032
1453174996267.176758,1144789273497.403809,1256664479259.793945,1329105302081.130371,750395556803.424805,1551549727064.632812,1432000279289.564941,934894183831.317749
1438362818287.310547,884373923247.446655,1146164117162.571289,730603816476.958984,1144873519030.368652,996014282334.915894,988858785192.900391,808583067455.712646
924826222014.077393,585398858611.895752,932306503596.259766,778000540967.427368,818640705973.547607,695195452630.199097,577058265028.503906,601044733994.157959
1303895286248.680176,934767471300.708496,1161706069014.358154,1099786291729.187012,889446001557.371216,1190427629262.597168,1052244982900.922974,860170092296.436401
1194218512126.629883,853222981008.414307,756376163650.297241,610889356411.589355,691242802197.815308,1038512676211.413940,1022321220238.767578,739675328526.897949
896113717843.325439,441964677363.252319,1143451353682.807617,689800258941.901733,970650951757.169800,490348784771.465820,513551008640.733643,356469366624.361877
1214809291419.659912,859041416796.905762,1526471076704.825684,1481980731465.970703,944761984221.204224,1178257695458.994141,1009790049554.251465,733102736479.251099

