=== Pair 8 Results ===

Addition - 6,4
715964.102189,1570238.866606,1043070.026100,376187.013083
1037408.737197,896931.648363,155974.555338,880232.956039
1003109.598964,1608879.356092,998747.116393,890931.429513
479408.244236,486749.881781,1489047.194813,518360.597227
1443110.454529,991979.872823,536532.366228,812796.166991
749309.229489,631951.009569,1349130.184676,1101143.669451

Subtraction - 6,4
169585.135973,-7211.490530,501079.896978,297239.382659
-886353.742707,544634.291265,90879.325316,308819.212595
376822.243092,258986.679370,-459191.348363,-773084.491979
121831.265934,31107.104825,-502716.186075,-194156.885447
72474.448793,21765.464843,30660.731292,-21739.412417
554173.231867,42865.642139,1084.379348,-2220.391457

Element-wise Multiplication - 6,4
120961369320.079987,616399523151.107788,209228504048.192902,13291354552.201445
72648482700.491867,126964967653.359848,4017252535.748867,169860187707.340088
216058466161.207611,630354670591.977295,196659777022.975677,49024795088.912292
53747351820.590797,58989448860.805984,491134496159.667542,57750203147.763161
519328809560.761963,245887583156.525848,71731724891.714111,165041251755.756287
63589087619.870781,99381153804.822372,455037769831.331909,303128112658.447693

Element-wise Division - 6,4
1.620760,0.990857,2.849037,8.530039
0.078521,4.091901,3.792196,2.080895
2.203353,1.383714,0.370081,0.070821
1.681427,1.136542,0.495205,0.455012
1.105753,1.044867,1.121219,0.947901
6.679867,1.145533,1.001609,0.995975

Transpose A - 4,6
442774.619081,75527.497245,689965.921028,300619.755085,757792.451661,651741.230678
781513.688038,720782.969814,933933.017731,258928.493303,506872.668833,337408.325854
772074.961539,123426.940327,269777.884015,493165.504369,283596.548760,675107.282012
336713.197871,594526.084317,58923.468767,162101.855890,395528.377287,549461.638997

Transpose B - 4,6
273189.483108,961881.239952,313143.677936,178788.489151,685318.002868,97567.998811
788725.178568,176148.678549,674946.338361,227821.388478,485107.203990,294542.683715
270995.064561,32547.615011,728969.232378,995881.690444,252935.817468,674022.902664
39473.815212,285706.871722,832007.960746,356258.741337,417267.789704,551682.030454

Matrix Multiplication cannot be done (incompatible dimensions).

