=== Pair 11 Results ===

Addition - 4,4
562133.037368,1001299.253650,297217.664190,994816.462260
1146320.479459,1029770.745214,755608.411554,962592.145990
634504.596056,1347454.524877,1335297.838518,1239011.160995
993821.428386,1738386.295466,1136994.785231,379454.837346

Subtraction - 4,4
-227890.702720,289984.054780,36714.962460,-368545.034630
-191439.434613,214287.407872,447669.214376,828591.370172
-188441.381592,-548564.522699,-6448.204630,-608801.598257
-605409.769544,-261518.174948,600555.841005,377066.847782

Element-wise Multiplication - 4,4
66014844828.589470,229627360833.349243,21747587859.530098,213458587758.268555
319350396125.541626,253627173631.523987,92634086527.783508,60004995199.530281
91771482029.971497,378677665261.880066,445744684551.973083,291127317757.475037
155290010614.967529,738398789108.967651,233022455869.316254,451641472.256339

Element-wise Division - 4,4
0.423079,1.815346,1.281878,0.459358
0.713791,1.525547,3.907517,13.366964
0.542032,0.421351,0.990388,0.341057
0.242874,0.738469,3.239046,316.802760

Transpose A - 4,4
167121.167324,477440.522423,223031.607232,194205.829421
645641.654215,622029.076543,399445.001089,738434.060259
166966.313325,601638.812965,664424.816944,868775.313118
313135.713815,895591.758081,315104.781369,378260.842564

Transpose B - 4,4
395011.870044,668879.957036,411472.988824,799615.598965
355657.599435,407741.668671,948009.523788,999952.235207
130251.350865,153969.598589,670873.021574,268219.472113
681680.748445,67000.387909,923906.379626,1193.994782

Matrix Multiplication - 4,4
816961936096.846802,794099330774.677612,317179235114.508911,311816648176.993958
1568344716219.606445,1889340828606.870605,801799237160.562744,924065471497.268799
880636451186.181519,1187164042070.936279,620814477274.664673,793041883587.211548
1230578195249.982666,1572011160902.583008,823286810364.371948,984980439358.212402

