=== Pair 25 Results ===

Addition - 10,10
1571441.716082,752417.484059,1488280.635704,1908125.613453,805193.488455,1577113.787612,741031.618992,1339451.095127,919339.461496,1045332.810084
715181.053148,981137.206326,1579471.551152,1324128.999302,385829.733727,1702985.834752,1544363.287663,437767.013986,1352803.878588,1096269.028253
1279654.953776,1685231.426335,708067.244412,830252.568989,103998.389881,1663646.119344,739422.155945,796998.354407,1423766.510018,1150250.532828
660785.989313,238609.706227,1471146.750692,1527770.860062,547578.465004,1202377.756156,194343.359856,1613832.355021,1498032.887786,485267.713921
371411.778435,912473.793850,1518774.530107,1493322.087177,483696.559254,1116215.288504,943334.957922,273908.518201,703333.102111,1146945.365454
1371171.326855,1729293.142861,338512.052269,1192297.470173,138840.342579,1009513.382607,1441244.962663,1442664.666738,261414.994521,1133763.013412
1315737.933753,679438.974057,753756.221254,1587501.419687,955391.498524,1587222.663587,84222.899726,984724.809919,841470.336966,616232.117190
558437.714695,443099.678679,973683.691777,706235.261314,1166968.932887,979612.368530,226276.761609,719384.497381,1082270.224771,620741.282384
442553.653494,1291249.108563,993161.106862,136493.326488,1085420.003031,901941.890844,696402.820776,602902.562797,1663427.381285,987693.756556
1594566.375486,1308787.578691,1476875.513100,1343809.839028,832572.756972,1093763.735641,1221027.001865,1218838.402735,1546922.289050,1187675.953011

Subtraction - 10,10
-351393.077348,-547796.996627,392821.135114,55975.116207,73185.073183,110691.597654,228093.652440,-463075.102055,-73374.636126,-133166.167210
104517.306268,-87430.327998,-140727.651532,244122.407268,-175551.335079,-207531.102410,25390.687543,-281195.009638,42433.676986,-902742.708727
-396195.938636,66646.327549,-566958.796116,-351327.890177,-8842.580125,183214.420004,566577.770689,314655.714389,493708.559358,241862.281790
133569.539287,-123034.525675,475949.276078,294925.538194,-196519.913984,-536406.122094,105866.688306,80311.397109,221103.613664,-210904.583463
-13473.923455,748473.462796,-245942.312267,-355303.671829,34395.889058,399958.307096,-375489.909218,47670.516531,683295.388875,2059.977786
542525.323185,-201664.113919,-32554.424001,462853.027009,133151.992309,-479971.793373,-412817.908373,-475846.953290,119093.327053,-758082.075076
650832.106653,-10265.793763,-284244.961436,-34179.290425,-539875.189306,348678.719005,-68831.279216,-451974.827111,-564858.014870,-125773.598134
5896.724715,-196778.389397,-269325.310655,121898.376278,523708.177539,845468.030366,-34719.214175,-270540.494535,321129.860381,-8736.530656
407609.378006,-139877.174039,-493557.493236,38187.705092,-601954.389037,-647662.794224,-343334.591964,-474086.612393,81598.587569,292075.313246
-330651.702576,-69439.051073,-133482.172740,-415167.384068,763556.085906,734086.650727,328042.577609,448167.393839,145894.372354,-645729.062205

Element-wise Multiplication - 10,10
586487993058.660889,66512630201.028519,515167701604.812744,909452535770.250122,160745124728.382782,618758817321.168457,124275286515.621292,394922671523.417725,209950302059.283081,268746863937.177612
125140017868.090866,238746538845.837463,618731527248.198242,423430464265.548157,29511578044.957100,714272898724.614014,596103319316.840942,28142331272.225952,457069429245.046082,96715346036.753937
370136394732.948914,708890806832.832397,44979236528.974724,141472010474.153015,2684368468.643360,683537721677.737183,56433688615.858704,134049539582.453506,445840733366.370972,316144731229.608154
104699325461.754684,10449274349.415754,484436262168.114319,561775681943.890625,65305524685.964523,289495185169.703552,6640396456.809739,649501237401.756836,548803931228.295776,47751002712.102997
34441290636.744583,68098974988.294281,561547113084.625000,525942539208.875366,58194821062.517029,271492480718.742401,187222042728.289886,18188349549.183800,6946216016.811220,328869856956.982727
396444270323.078125,737446589775.834839,28382654752.333321,301835083192.385437,386796917.899521,197186086807.233337,476692104232.003418,463712754424.722351,13538644702.965410,177682534507.381195
326895969816.557983,115382983236.511047,121838310744.338974,629748133403.571045,155326923855.936218,599424733679.310791,588937959.936224,191350426731.998077,97251937757.699127,90980756067.224243
77954477457.852417,39403897677.938919,218880952168.268921,120977257546.010254,271886558775.550690,61206050551.498253,12498937252.831675,111080473972.217911,267046113049.387573,96310853171.957413
7427082795.612306,411939659136.901367,185692496263.487183,4293031838.891550,203946874124.727051,98508019859.302673,91774561686.420807,34683346044.229980,690083080828.854248,222557742032.988495
608327844353.537842,427025786080.482971,540835947688.749268,408365231668.648254,27539874831.966530,164358974656.942719,345823751639.768494,321178259770.291199,592920850118.781006,248402036896.109558

Element-wise Division - 10,10
0.634505,0.157374,1.717181,1.060443,1.199957,1.150968,1.889362,0.486193,0.852174,0.774007
1.342307,0.836360,0.836382,1.452076,0.374573,0.782749,1.033431,0.217775,1.064766,0.096811
0.527170,1.082351,0.110671,0.405325,0.843274,1.247515,7.555929,2.304698,2.061673,1.532509
1.506697,0.319583,1.956492,1.478447,0.471791,0.383010,3.393098,1.104741,1.346305,0.394102
0.929985,10.127707,0.721267,0.615602,1.153109,2.116801,0.430569,1.421419,69.200935,1.003599
2.309426,0.791125,0.824536,2.269056,47.815680,0.355520,0.554688,0.503942,2.673580,0.198579
2.957667,0.970231,0.452322,0.957847,0.277888,1.563046,0.100563,0.370815,0.196691,0.660990
1.021344,0.384950,0.566656,1.417220,2.628292,13.605348,0.733948,0.453412,1.843812,0.972242
24.329107,0.804522,0.336045,1.776918,0.286519,0.164093,0.339574,0.119607,1.103170,1.839757
0.656505,0.899234,0.834220,0.527945,23.126714,5.081921,1.734711,2.163058,1.208268,0.295596

Transpose A - 10,10
610024.319367,409849.179708,441729.507570,397177.764300,178968.927490,956848.325020,983285.020203,282167.219705,425081.515750,631957.336455
102310.243716,446853.439164,875938.876942,57787.590276,830473.628323,763814.514471,334586.590147,123160.644641,575685.967262,619674.263809
940550.885409,719371.949810,70554.224148,973548.013385,636416.108920,152978.814134,234755.629909,352179.190561,249801.806813,671696.670180
982050.364830,784125.703285,239462.339406,911348.199128,569009.207674,827575.248591,776661.064631,414066.818796,87340.515790,464321.227480
439189.280819,105139.199324,47577.904878,175529.275510,259046.224156,135996.167444,207758.154609,845338.555213,241732.806997,798064.421439
843902.692633,747727.366171,923430.269674,332985.817031,758086.797800,264770.794617,967950.691296,912540.199448,127139.548310,913925.193184
484562.635716,784876.987603,652999.963317,150105.024081,283922.524352,514213.527145,7695.810255,95778.773717,176534.114406,774534.789737
438187.996536,78286.002174,555827.034398,847071.876065,160789.517366,483408.856724,266374.991404,224422.001423,64407.975202,833502.898287
422982.412685,697618.777787,958737.534688,859568.250725,693314.245493,190254.160787,138306.161048,701700.042576,872512.984427,846408.330702
456083.321437,96763.159763,696056.407309,137181.565229,574502.671620,187840.469168,245229.259528,306002.375864,639884.534901,270973.445403

Transpose B - 10,10
961417.396715,305331.873440,837925.446206,263608.225013,192442.850945,414323.001835,332452.913550,276270.494990,17472.137744,962609.039031
650107.240343,534283.767162,809292.549393,180822.115951,82000.165527,965478.628390,344852.383910,319939.034038,715563.141301,689113.314882
547729.750295,860099.601342,637513.020264,497598.737307,882358.421187,185533.238135,519000.591345,621504.501216,743359.300049,805178.842920
926075.248623,540003.296017,590790.229583,616422.660934,924312.879503,364722.221582,810840.355056,292168.442518,49152.810698,879488.611548
366004.207636,280690.534403,56420.485003,372049.189494,224650.335098,2844.175135,747633.343915,321630.377674,843687.196034,34508.335533
733211.094979,955258.468581,740215.849670,869391.939125,358128.490704,744742.587990,619271.972291,67072.169082,774802.342534,179838.542457
256468.983276,759486.300060,86422.192628,44238.335775,659412.433570,927031.435518,76527.089471,130497.987892,519868.706370,446492.212128
901263.098591,359481.011812,241171.320009,766760.478956,113119.000835,959255.810014,718349.818515,494962.495958,538494.587595,385335.504448
496357.048811,655185.100801,465028.975330,638464.637061,10018.856618,71160.833734,703164.175918,380570.182195,790914.396858,700513.958348
589249.488647,999505.868490,454194.125519,348086.148692,572442.693834,945922.544244,371002.857662,314738.906520,347809.221655,916702.507608

Matrix Multiplication - 10,10
2827454788987.384277,3165044523818.875977,3259980942757.762695,3437779543937.560059,1647303866708.167236,3619998541771.303711,1948613276901.165039,3394092461007.392578,2660186840828.982422,3163323142210.552246
2057887447656.204346,2821282823745.951660,2741612514217.161133,2677773240476.296875,1837391454890.667725,3585308880054.527832,1780002339913.255615,3049415905766.749023,2586862232717.775391,2702464734623.084961
2263568076400.571289,3319742493918.457031,3330278965389.206543,2803321981459.599609,2013799607975.299805,3435472798327.955566,2614374614273.564453,3333497789908.219727,2961618319347.125977,3540662561366.971191
2058235106172.379639,2610028728680.151367,2911831407091.842285,2351750320943.195312,1710571556218.726562,3010659239468.236816,1324781259898.184570,2694417626170.690430,2498910614014.660645,2213678864014.356445
2176790476689.460449,2972514035517.453125,3095646732810.465820,2673407006152.494141,1475316961978.544189,3374776623873.300293,2290048233129.901367,2684381611490.608887,2560367263055.883789,3211753719338.656250
2124004616235.911133,2167949850784.768066,2719488661031.527344,2854098204848.850586,1619359709079.226318,3041878504867.760742,1495679945198.255127,2861248556933.481445,2422706402097.783203,2594399955437.297852
2204601494423.663574,2455835497880.714355,2195193739256.430176,2560324175675.377441,1022006374159.064941,2858736842581.308594,1812005697174.043701,2916965658503.271484,1771237722035.518311,2684927237374.044434
1654566387582.362305,2377297975668.818359,2563428294543.995605,2352146885777.857910,1250632087728.573242,2600636167444.375000,2156075753537.848633,2347648142992.644043,1644395830296.268311,2571294972694.597168
1623678205935.202637,2091232643786.356934,2463036375215.393555,1943372884050.822754,1329334830819.656494,2208445035853.006836,1610172436009.552490,1741683200216.200195,2058546575909.107422,2204201626002.608887
2777652386423.754395,3643457548141.673828,4179504220625.877441,3825374914431.000488,2368370936326.604004,4162716654023.284180,2813844934173.861816,3806443994198.899902,3122608975697.261719,3872282732123.985840

