=== Pair 21 Results ===

Addition - 4,4
1945059.132187,1705814.738715,1241713.186703,1031762.292081
161010.052108,130197.554336,697389.639350,492058.020835
1606862.932888,1463070.460953,215554.275169,1010899.058481
1153213.427730,1509956.273708,927141.944332,842126.864666

Subtraction - 4,4
51256.172703,156242.090447,621430.985937,-869492.872627
65866.885592,113041.530956,510273.014438,-428917.869091
5432.621758,359880.977203,-201098.622409,-658462.908523
462955.291868,265916.367874,564489.220574,460870.453758

Element-wise Multiplication - 4,4
945156958115.971436,721348082997.518799,288918791937.371826,77128892952.771561
5396447565.557815,1043253858.549842,56493439952.269936,14537639360.623272
645494742927.564941,502765213990.159424,1505747402.208853,147085876134.300903
278893401907.047729,552314108451.712036,135236026198.869843,124194020261.270660

Element-wise Division - 4,4
1.054130,1.201658,3.003704,0.085349
2.384585,14.178057,6.454064,0.068558
1.006785,1.652437,0.034695,0.211120
2.341398,1.427505,4.113112,3.417640

Transpose A - 4,4
998157.652445,113438.468850,806147.777323,808084.359799
931028.414581,121619.542646,911475.719078,887936.320791
931572.086320,603831.326894,7227.826380,745815.582453
81134.709727,31570.075872,176218.074979,651498.659212

Transpose B - 4,4
946901.479742,47571.583258,800715.155565,345129.067931
774786.324134,8578.011690,551594.741875,622019.952917
310141.100383,93558.312456,208326.448789,181326.361879
950627.582354,460487.944963,834680.983502,190628.205454

Matrix Multiplication - 4,4
1763373288618.437500,1345662943884.040771,605458126272.698853,2170635626612.376221
607593333921.679810,441641230155.852844,178078973728.022522,673866743359.939087
873308276389.993408,746008912202.239258,368754418687.293457,1225694957971.760498
1629453777801.139893,1450342557876.616699,607200989679.840820,1923783357047.115723

