=== Pair 3 Results ===

Addition - 5,5
666756.445607,703491.633259,1810778.385163,640246.389907,758158.021053
1226811.393072,1531530.481205,161723.395237,788860.472710,159644.458234
517051.474327,1285033.994436,702360.697226,1399973.287127,218357.035360
424110.384011,570538.395056,985374.857096,174042.982495,851095.906166
1006814.653312,944201.551571,150705.830588,1237150.280379,829021.727819

Subtraction - 5,5
421965.881981,-593833.511169,-104648.748767,29806.034401,333263.347677
-211635.838392,-125699.134603,-10540.900693,-542278.840720,91646.518538
175001.987711,20130.433380,-179821.343770,-361908.799789,-94730.375362
-199851.779955,417389.774726,791629.143748,-4.023503,-762438.315060
683115.021330,523556.577083,2869.201716,-5079.596359,133590.604979

Element-wise Multiplication - 5,5
66627238050.619286,35565559769.528130,816991749888.755737,102256760025.558167,115934781495.530060
365069116519.844116,582446335605.019043,6510836494.890806,82058626077.904388,4271817171.172848
59179132850.230835,412726783127.018799,115243708333.136078,457236806326.115723,9676487718.745718
34982220968.694038,37824959046.813828,86071726941.442688,7572739934.891576,35763014305.248215
136757403439.269119,154351270145.554108,5676003763.682964,382628753485.666992,167357643864.336212

Element-wise Division - 5,5
4.447567,0.084526,0.890731,1.097654,2.568687
0.705744,0.848302,0.877619,0.185241,3.695568
2.023255,1.031829,0.592326,0.589179,0.394863
0.359411,6.450781,9.171836,0.999954,0.054946
5.220672,3.489304,1.038816,0.991822,1.384195

Transpose A - 5,5
544361.163794,507587.777340,346026.731019,112129.302028,844964.837321
54829.061045,702915.673301,652582.213908,493964.084891,733879.064327
853064.818198,75591.247272,261269.676728,888502.000422,76787.516152
335026.212154,123290.815995,519032.243669,87019.479496,616035.342010
545710.684365,125645.488386,61813.329999,44328.795553,481306.166399

Transpose B - 5,5
122395.281813,719223.615732,171024.743308,311981.081983,161849.815991
648662.572214,828614.807904,632451.780528,76574.310165,210322.487244
957713.566965,86132.147965,441091.020498,96872.856674,73918.314436
305220.177753,665569.656715,880941.043458,87023.502999,621114.938369
212447.336688,33998.969848,156543.705361,806767.110613,347715.561420

Matrix Multiplication - 5,5
444801799149.262268,1078490877314.659424,975136808092.981445,1322246594258.215332,711094364737.470215
639407976167.687866,995374328621.106934,601240994228.815186,778126295722.295288,286723281073.763611
728320875153.825073,983179616783.699219,557695784283.566284,853677628744.888184,576831304018.976074
555273598019.197876,1059961508107.619019,553550730949.731567,1180815528325.790039,265323503048.276520
914466115787.475098,1353166517426.351074,1001569596269.237549,1166549232672.519775,880836960541.124634

