=== Pair 19 Results ===

Addition cannot be done (shapes differ).

Subtraction cannot be done (shapes differ).

Element-wise Multiplication cannot be done (shapes differ).

Element-wise Division cannot be done (shapes differ).

Transpose A - 5,9
252975.393473,624041.919088,778444.812967,857141.704997,696750.504265,775805.910782,890306.660787,571567.208892,560269.595948
486295.343864,356914.810490,691043.906426,913806.790971,746806.692019,325471.952611,711743.074534,622755.759805,456607.007026
927852.193072,741106.763218,1407.212415,820892.668263,322492.273758,552957.590658,584245.045821,837065.552591,65168.919691
570857.228256,297265.002877,340209.784132,81108.952007,361555.863355,841357.437455,444505.414346,771955.416334,9493.239805
443461.466514,249618.720632,131483.268690,128454.787871,471499.829960,881232.173955,427387.180438,235844.878329,619033.853582

Transpose B - 9,5
316844.822355,485107.696195,190397.034221,811935.346390,670377.275726
711928.154475,994583.675980,14039.200153,481895.432939,411506.238048
492875.690628,360887.259742,428089.197617,677085.511084,512618.285357
688202.776052,121511.481427,238943.544794,270104.585524,178013.285774
440795.749445,551687.497255,853161.930411,765106.401095,739157.965117
660776.296140,323326.646178,493357.003882,305643.435058,609973.456628
684993.949084,663933.818443,462795.347768,691290.819797,583368.510135
347059.645883,47542.820941,644185.290812,411246.903191,422692.333836
115351.254407,26679.826559,170972.568658,612526.090876,804015.178285

Matrix Multiplication - 9,9
1253505514468.101562,1134368669327.180908,1311232331417.650635,688026315562.223389,1935956302163.855957,1227133251899.236572,1578890033039.571777,1130837167289.874268,907007273720.171631
920669783196.072632,1055629510116.419800,1082873846348.661621,774647394572.459961,1516211562809.853027,1136500279300.786377,1358529782446.916992,938719811620.799927,590995180705.464355
946516599356.379761,1459569250388.984863,931419722305.788574,735331885828.807983,1083059616909.693237,922689237943.114014,1304575756581.321777,499414653234.682190,422574024821.132080
1023139543629.218140,1622551285994.059082,1224426791557.474854,941846880534.440918,1739319933214.556396,1369974583080.774902,1704755773513.792236,957383890887.600586,416563654132.506653
1254087792766.991211,1611582819774.915283,1237483536240.837402,828899796386.379639,1619408266651.512695,1259072099693.433105,1647346424613.798828,833052151934.994385,755988469569.381104
1782866386878.046387,1651869086971.338379,1757956383029.414307,1089711544171.807861,2288390861812.782227,1685357023848.090088,2099126164395.641846,1359427650669.463379,1416591725510.953857
1386019934202.588623,1740002374392.879883,1465833170263.998779,1034941600142.590576,1939559354828.584229,1503215421825.104980,1909397596846.822266,1082644612568.601074,837473992020.705811
1427459456745.295898,1507102660051.424072,1508373147970.858887,919529744658.128784,2074618076204.809570,1371805968393.945312,1863608900564.545410,1184354891532.347656,888126953240.342163
834124188172.386353,1113231535702.864746,792580833851.789795,569394195688.269287,1019295616792.930542,930493389481.436646,1084785436049.367676,523701141992.342224,591479565267.707275

