=== Pair 6 Results ===

Addition - 7,3
480069.711334,869842.231819,603684.563727
1326529.179508,869917.035375,851143.783633
1757940.411067,1115409.224422,823350.533124
619412.101372,1831245.993418,515827.413143
657984.767523,1264151.731999,966871.298606
804204.548847,1506811.669936,1516177.983535
1058665.666637,961911.517413,1028129.335652

Subtraction - 7,3
323570.863970,121984.553279,-218776.488027
-611725.749994,-697187.755483,-651913.399703
-139180.141639,-186324.209522,-63312.870398
50662.811290,119437.370334,-125867.859899
468307.203139,245104.449003,-931670.947924
-792623.964001,-245199.213992,438279.572181
-102754.275263,-191796.014977,-194737.606228

Element-wise Multiplication - 7,3
31442205932.504459,185436319254.295441,79142975192.207565
346367817720.111450,67671220510.051399,74863664926.193924
767745844258.940186,302355256717.922302,168474395209.385254
95276157719.567657,834799150744.294189,62558800498.561234
53408079445.105927,384500852648.751831,16707338215.612022
4623052019.387066,552589688528.255615,526676673591.274597
277553638157.784790,222122013992.680664,254781798887.202850

Element-wise Division - 7,3
5.135121,1.326224,0.467996
0.368787,0.110222,0.132550
0.853272,0.713729,0.857188
1.178155,1.139545,0.607702
5.937929,1.481046,0.018541
0.007252,0.720094,1.813211
0.823054,0.667514,0.681506

Transpose A - 3,7
401820.287652,357401.714757,809380.134714,335037.456331,563145.985331,5790.292423,477955.695687
495913.392549,86364.639946,464542.507450,975341.681876,754628.090501,630806.227972,385057.751218
192454.037850,99615.191965,380018.831363,194979.776622,17600.175341,977228.777858,416695.864712

Transpose B - 3,7
78249.423682,969127.464751,948560.276353,284374.645041,94838.782192,798414.256424,580709.970950
373928.839270,783552.395429,650866.716972,855904.311542,509523.641498,876005.441964,576853.766195
411230.525877,751528.591668,443331.701761,320847.636521,949271.123265,538949.205677,611433.470940

Matrix Multiplication cannot be done (incompatible dimensions).

