=== Pair 4 Results ===

Addition cannot be done (shapes differ).

Subtraction cannot be done (shapes differ).

Element-wise Multiplication cannot be done (shapes differ).

Element-wise Division cannot be done (shapes differ).

Transpose A - 4,8
283787.059742,402888.308356,842184.023963,244202.729792,179152.880305,207577.601883,301503.384297,375266.486763
393203.844784,567769.487747,23326.058143,789196.653194,887232.704466,959221.857715,709552.533614,976894.273788
845554.562370,128644.615482,658458.159698,796158.253192,544837.318512,136934.370797,110626.061431,126615.849525
647635.789551,667428.589607,473045.266451,320251.578878,429445.291698,591528.155214,307943.298821,814253.633346

Transpose B - 8,4
244742.183129,188905.288339,585265.361379,281310.216104
354997.337619,798634.811429,953523.162582,625582.758416
32350.989135,998621.529523,247434.644402,790005.587966
806292.771451,459887.077514,475202.930279,106166.059239
989992.705322,595754.443027,352302.468884,345441.856266
604570.953930,638633.742936,300331.560384,488856.730169
321357.946121,33536.700944,65422.228950,417707.491837
983975.669835,126700.720934,68706.134707,628663.624790

Matrix Multiplication - 8,8
820793310646.358765,1626175573214.281982,1122698002153.461426,880211767294.059570,1036811525780.600586,993230492079.155518,430224371853.269226,794298621475.469971
468904141082.998901,1136662193341.757568,1139124119600.459717,717946342574.833496,1012987267834.181396,971084318034.047119,435718614437.442017,896795847216.608398
728969591281.292725,1241386157843.746582,587173154525.028076,1052896842197.561279,1243038713298.195557,953063935300.560303,512097159485.183716,1174270484402.566406
764904019174.248291,1676470440820.415039,1246006639900.097412,972176821198.303345,1103043151777.811279,1047314080020.019897,290801471117.999146,596312804155.061890
651130974824.735352,1560342292369.353516,1365881261590.980469,856977332466.833618,1046228781504.622925,1048496433763.752319,302354047002.465271,596105398619.996338
478550934250.814087,1340377372800.629395,1465807794849.279785,736373884172.129150,1029541896112.315186,1068385067095.941895,354920142205.792725,707065876311.881104
359202020208.114075,971834782862.180664,988978016121.137451,654676995415.199951,866555564879.986938,819189030796.989258,256554185947.392059,587766251615.983154
579545770180.755371,1543514557102.175537,1662281963976.266113,898450030444.771362,1279384551385.900391,1286832968785.184814,501760012548.580505,1013617227695.715942

