=== Pair 7 Results ===

Addition cannot be done (shapes differ).

Subtraction cannot be done (shapes differ).

Element-wise Multiplication cannot be done (shapes differ).

Element-wise Division cannot be done (shapes differ).

Transpose A - 8,10
902370.502347,34106.945570,886870.411207,397776.343528,980257.385517,986676.704324,403748.600664,741728.576810,372310.252323,735357.543518
796023.072013,346154.344041,140619.798149,650794.888001,19784.558340,698937.103025,502078.855418,638221.579674,751461.150709,724695.264966
87091.487514,742575.671280,918655.607106,920591.812755,719695.779857,888911.079735,341755.926516,806895.685021,301415.645079,580991.448466
718388.896657,53396.180673,40673.631696,981011.732143,978255.703891,500630.782264,487881.797611,395588.277397,765796.534408,992296.329517
762903.811644,435353.039121,729633.099516,354879.437167,464793.911422,393330.803325,243658.359991,191343.077644,293324.936267,525886.924495
282190.365337,371695.046847,458429.719958,146703.968493,687006.571347,404155.262286,563043.923698,679625.915448,481634.366962,12283.226964
740008.127357,358611.828356,669633.583203,289814.869560,712387.639140,201588.624388,997701.905368,481952.661029,768280.961186,713210.250300
73145.604909,791687.475926,277742.978444,262879.408021,574500.929552,120091.997322,365233.973252,33941.336130,35613.674851,502174.358445

Transpose B - 10,8
876885.901538,449797.956871,904754.833718,605900.990920,240876.113419,203059.462623,285037.053743,522363.403181
46526.250874,423312.073297,128284.382256,61802.545446,434935.009653,197845.340800,768878.848357,768167.006163
301000.078698,481295.223438,189734.330160,412715.520912,334007.834791,768901.406711,834552.918032,323628.221778
267669.374494,468221.608189,743071.950689,387795.037147,357580.259267,952985.222435,237708.353643,382281.641609
180091.895299,29813.312750,405608.611999,8719.022375,63887.256185,821460.889798,526274.010024,660401.933039
986871.294012,579630.307797,327797.495756,343314.734727,939514.034207,736162.328049,352809.124810,30129.166970
219390.572638,501263.314784,75765.851931,321745.334635,588583.051518,429410.131718,684423.105551,362871.707565
177203.352918,61676.106154,877488.976886,519816.115716,742276.112345,662348.725266,901552.034057,397496.780837
478950.512135,3941.027904,644957.301824,206644.592434,180806.890233,500963.270880,408701.615635,386426.818980
486954.850635,455620.597244,706553.231333,608035.187899,809789.558861,185695.753388,737806.413427,234217.006459

Matrix Multiplication - 10,10
2153599564019.634521,1447329096244.867188,2080790530524.478271,1703145967639.768066,946131128434.004761,2814886698566.796387,1937954368297.650391,2108275307273.296387,1249962649752.797852,2533746480910.565430
1585917710873.067627,1393444721796.118408,1326499283952.348633,1641486409647.653320,1362829521488.295898,1329069446108.361816,1203013313393.836914,1914095826708.886719,1225078278497.296875,1603038903164.713867
2301529781673.420898,1357412968448.047852,1770635401507.413086,1964762202647.547363,1495908868615.914062,2539431541473.800293,1533149637540.732422,2552423290124.258789,1768806658608.516602,2404835011332.551758
2404034718965.181641,1080864948508.062378,1570776261339.515137,1911776191666.816650,942304026568.404297,1959919784242.226562,1364493038819.863037,2154745291442.636719,1347232571648.959961,2327169512729.505371
2866963341745.214844,1533895804827.079590,2308807097099.888672,2395666781890.437500,1825926554402.649414,2761694529634.063965,1858876169780.820068,2985623463247.679199,2077256594455.696533,2753794126870.367676
2584166093062.749023,985030059231.838501,1657892551137.220459,2065657202543.620605,1105971516485.498535,2583909060789.400391,1381849929443.517578,2047326360798.893066,1554466405493.327148,2301807336698.505859
1832878638315.610840,1570358982723.718506,2094519861484.405273,1786786965939.573730,1474904515082.366455,1975406478137.934326,1723692727721.250244,2254460469935.649414,1391608440439.757080,2087004595982.151367
2246410723381.740723,1046955672664.620972,1846469375426.451660,2093989164814.055908,1329904363631.035889,2353377304107.627930,1417694577472.840088,2124650771816.970215,1545080415190.541992,2107310247061.829590
1807230650772.487305,1262358502962.109619,1967983966233.778076,1732570905294.362305,1060616546812.449097,2066978001207.684570,1645806941579.999268,2018423695440.908203,1156003695883.650635,2104429775460.225342
2692455941974.608398,1642127115928.464111,2032729601476.720947,1913937306130.356934,1149013087889.012451,2446753857260.164062,1873044804193.039062,2441727344077.010254,1521604510384.913574,2774092038102.047852

