=== Pair 24 Results ===

Addition - 6,6
1361215.473021,1161474.754652,1409557.619010,1130062.740769,1771611.472509,1674662.853060
842738.380547,1923239.537324,797547.966335,1301687.798238,1395807.077108,854965.558198
1016529.101024,896249.219203,1302286.666393,984697.465884,1614545.923920,1305764.441582
1159919.320724,1233383.374728,1100367.797465,1126320.512962,1427155.804711,1003582.750034
1330990.936756,423855.644268,573752.406066,1893559.668820,484695.303676,1190250.969739
1904172.728362,478757.167211,174119.127354,1495174.889439,916372.578456,1487012.244251

Subtraction - 6,6
481880.355475,68216.745940,-182728.450754,-315769.404699,-31700.318763,184577.344362
-703292.462615,18453.115168,-398749.848415,-618985.602546,-340853.272830,-356408.342476
-62724.327854,-128184.078211,-110987.704357,348678.338610,301047.067710,-282302.029504
235476.706572,-736487.370304,379.687057,-22592.041406,-150406.306003,799293.108716
25176.579212,73338.458328,347966.717368,-82877.729956,-265411.024064,453503.980959
-41940.412598,2304.988465,8388.020990,-134475.195553,753804.813792,84673.209765

Element-wise Multiplication - 6,6
405174721749.768127,336092520316.820312,488365748648.545776,294332870282.595825,784400574828.957886,692606718841.832764
53896922518.977257,924627450116.707520,119270329248.527191,327811986980.614380,458024110726.463989,150984799779.582001
257349267980.981354,196707876253.795837,420908072736.639038,212013128875.635376,629032300867.474365,406331585259.468811
322490887812.707458,244705225609.532196,302702286383.928467,317021874396.023071,503537908508.708435,92077215631.229675
442725753396.449097,43568769426.978394,52027746767.665642,894674875314.761963,41121631427.717171,302757877554.742188
906028695307.173096,57300778046.019409,7561777903.597447,554366092947.477051,67879251312.526520,551008965525.121948

Element-wise Division - 6,6
2.096011,1.124795,0.770483,0.563200,0.964842,1.247741
0.090196,1.019376,0.333360,0.355449,0.607461,0.411563
0.883763,0.749746,0.842935,2.096440,1.458390,0.644471
1.509446,0.252248,1.000690,0.960672,0.809318,8.825097
1.038561,1.418459,4.082274,0.916134,0.292338,2.231098
0.956898,1.009676,1.101224,0.834964,10.273730,1.120760

Transpose A - 6,6
921547.914248,69722.958966,476902.386585,697698.013648,678083.757984,931116.157882
614845.750296,970846.326246,384032.570496,248448.002212,248597.051298,240531.077838
613414.584128,199399.058960,595649.481018,550373.742261,460859.561717,91253.574172
407146.668035,341351.097846,666687.902247,551864.235778,905340.969432,680349.846943
869955.576873,527476.902139,957796.495815,638374.749354,109642.139806,835088.696124
929620.098711,249278.607861,511731.206039,901437.929375,821877.475349,785842.727008

Transpose B - 6,6
439667.558773,773015.421581,539626.714439,462221.307076,652907.178772,973056.570480
546629.004356,952393.211078,512216.648707,984935.372516,175258.592970,238226.089373
796143.034882,598148.907375,706637.185375,549994.055204,112892.844349,82865.553182
722916.072734,960336.700392,318009.563637,574456.277184,988218.699388,814825.042496
901655.895636,868330.174969,656749.428105,788781.055357,375053.163870,81283.882332
745042.754349,605686.950337,794033.235543,102144.820659,368373.494390,701169.517243

Matrix Multiplication - 6,6
2872239916768.973633,2178461006041.176270,1934088312453.107422,3302804506648.149902,2490660205990.960449,2559945985722.476074
1633470558301.669189,1552913857816.689453,1045068959315.510498,1966626284253.353027,1524181988537.811279,1202267333384.541504
2259422953729.231934,1877954558282.779053,1547506891674.734619,2649450062968.188965,2081352266013.876709,1840617549757.889648
2344838658890.091797,1770090054682.546631,1543279010064.737549,2600384894292.928711,1954272963456.220459,2030902814200.581055
2028780219969.937744,1950193062704.521484,1592625514927.032471,2173607831853.786621,1951974621517.827637,1730851771266.218750
2268935696032.314453,1788462203399.105713,1483241415724.991211,2789535005894.983398,2022063574461.425049,1839993972382.169434

