=== Pair 1 Results ===

Addition - 3,4
903710.476323,1008456.397449,1301741.130630,344575.269830
980489.233941,642184.151049,1218029.777154,1319312.798389
882116.994696,1431965.282759,1433481.668147,776431.887252

Subtraction - 3,4
-711535.555473,378723.889685,-557316.945936,-38856.812490
262209.847295,6933.747073,-449269.261636,670789.294261
-353473.282246,243725.088597,262291.865645,-676854.689106

Element-wise Multiplication - 3,4
77602444578.418213,218388130234.419861,345981948236.610107,29305566175.383572
223151283463.935425,103088101752.513138,320438417145.716553,322656995674.460938
163296757767.435638,497780663053.861816,496518167532.492798,36178551344.230629

Element-wise Division - 3,4
0.118976,2.202809,0.400431,0.797321
1.730105,1.021830,0.461081,3.068666
0.427847,1.410229,1.447907,0.068519

Transpose A - 4,3
96087.460425,621349.540618,264321.856225
693590.143567,324558.949061,837845.185678
372212.092347,384380.257759,847886.766896
152859.228670,995051.046325,49788.599073

Transpose B - 4,3
807623.015898,359139.693323,617795.138471
314866.253882,317625.201988,594120.097081
929529.038283,833649.519395,585594.901251
191716.041160,324261.752064,726643.288179

Matrix Multiplication cannot be done (incompatible dimensions).

