=== Pair 16 Results ===

Addition - 6,4
1631367.645251,360536.989529,700634.660090,1261398.073226
598388.248455,1510622.748084,682461.373153,1879331.400686
1112628.701174,855914.330101,1271709.068502,1183071.631342
1294685.280033,1154918.896263,935937.375337,1543174.109956
1796857.030001,880492.473241,1010668.180502,489991.180892
1791196.933345,758872.818212,695437.757350,1051114.458365

Subtraction - 6,4
259158.235971,353352.867587,571901.073544,367800.916878
30808.731431,195273.358840,-49399.412987,-66907.230484
127457.081948,179719.696821,380421.243618,6277.337180
-52479.476987,-408806.286851,415912.664203,175245.145474
59653.008891,-28227.922609,579149.100780,-178084.657510
114089.692039,443420.524734,437943.228556,321973.565509

Element-wise Multiplication - 6,4
648549350675.048096,1282167946.669575,40954522249.662537,363961896170.492004
89279829489.163834,560962350589.050171,115828305960.604523,881852484028.340942
305424329734.360779,175072542761.702850,368130908078.589661,349904769981.037415
418363969707.324585,291678769194.111023,175748856577.068756,587668868156.572388
806284176198.566284,193617544954.808350,171509122536.235168,52094303027.870667
798842499048.744507,94816548116.411804,72959850727.486160,250293656924.342224

Element-wise Division - 6,4
1.377724,99.370509,9.885033,1.823192
1.108562,1.296915,0.865003,0.931245
1.258751,1.531562,1.853644,1.010669
0.922089,0.477138,2.599588,1.256220
1.068677,0.937873,3.684234,0.466873
1.136055,3.811332,4.401573,1.883159

Transpose A - 4,6
945262.940611,314598.489943,620042.891561,621102.901523,928255.019446,952643.312692
356944.928558,852948.053462,517817.013461,373056.304706,426132.275316,601146.671473
636267.866817,316530.980083,826065.156060,675925.019770,794908.640641,566690.492953
814599.495052,906212.085101,594674.484261,859209.627715,155953.261691,686544.011937

Transpose B - 4,6
686104.704640,283789.758512,492585.809613,673582.378510,868602.010555,838553.620653
3592.060971,657674.694622,338097.316640,781862.591557,454360.197925,157726.146739
64366.793273,365930.393070,445643.912442,260012.355567,215759.539861,128747.264397
446798.578174,973119.315585,588397.147081,683964.482241,334037.919201,364570.446428

Matrix Multiplication cannot be done (incompatible dimensions).

