=== Pair 9 Results ===

Addition - 12,12
1199026.627194,1008639.633035,1211547.757401,803787.487681,1135153.792788,1268906.189072,1047064.562617,699705.383729,729407.371581,1420826.648020,255957.356296,672984.113068
533817.540032,738563.062838,1125342.773530,1233861.682338,987888.253569,942029.156164,1382809.800712,1298872.203319,918223.225845,901550.749086,841512.199881,443974.402855
965541.639843,757709.742463,1551829.230657,1270294.228855,1066381.053532,900282.546147,624840.147364,922653.477278,766252.300849,917935.188674,918915.989563,447672.258032
681190.692091,812929.796327,1238138.651012,658389.414292,986605.060184,708602.552888,585356.794961,185385.888861,1675285.197669,958990.381818,182607.771963,1625609.270752
909281.791345,487270.593328,584780.371271,317724.972767,740631.404660,381259.827718,1009956.966248,1574666.184051,1648302.171689,1058363.859533,635014.196969,818671.809099
755489.571715,657325.330765,1378294.442179,1474787.353301,441005.982989,577352.578094,1384994.876753,1573884.775657,1132220.516497,502903.476940,222862.315975,831556.824012
568108.221876,1393328.317184,1376869.926649,1893996.576868,517773.164921,973127.233713,1396026.021093,1508291.427206,1292650.252498,669394.660772,1150016.538222,152973.204819
1516523.910846,1009109.882456,1027483.888540,746834.493971,1335966.245183,1377691.675697,1789791.960787,900783.099221,1268868.509514,642647.215815,1060735.524160,1226918.729754
222107.812609,1036754.876127,1325441.404985,941069.760366,563218.093702,227212.903516,1122369.925411,1140190.774874,1202729.172066,1009387.028981,777841.407658,1216689.128265
1238211.863740,1232847.527526,861287.080094,1657928.341970,1261313.626857,411666.294943,1340343.701952,1625259.808112,690185.887561,899657.320508,266586.430017,1180809.178096
464422.810777,944722.098656,1277124.788438,1216325.197330,1065663.758350,475099.256450,1098212.161884,954965.442861,1027469.646692,1335959.181504,199237.990181,1565569.264401
1518658.146554,503890.932042,949877.160523,812946.454191,1392677.290624,819117.852233,136319.421168,1306993.715009,831521.958675,1879906.955043,1398928.155524,1537269.740503

Subtraction - 12,12
555625.398282,57340.479447,338621.942275,-719442.071059,217346.447512,362363.542282,459869.581505,160804.302685,-403455.505503,-214326.250016,-78426.109674,-237071.674120
260680.012660,-133696.209398,789701.683388,-154725.366318,-980920.398193,-814137.022120,-24983.238632,276770.033371,-425395.671907,-759999.063474,-607347.049719,101764.816971
255980.021679,269142.954521,29245.692273,-701254.148283,-45148.948372,-67229.252547,-407887.464768,97044.617566,300316.087063,-456376.877642,-652599.253779,398762.289000
-644753.860313,253072.144923,-449148.096298,271519.464118,157833.250044,-137395.245378,202191.694713,104753.081111,154208.311289,332623.978864,48432.268309,-268687.630158
-742162.551135,295926.830838,-394993.139643,-143459.913247,337457.875198,194316.301590,217554.076346,-40525.973817,289827.479767,-222692.062275,-171541.393319,475169.469083
169896.441153,-640792.016301,163645.200617,143976.149091,-161713.561107,-444518.558580,-195368.753311,375620.973931,110493.217509,-89317.916650,169677.639051,-647643.522794
514866.520380,-452579.297052,-173194.702789,4756.419694,90417.517169,39258.217689,-117508.481903,192154.377460,-367770.001382,218571.787310,109240.939646,-45536.813801
-40697.896114,343959.312332,-636535.211644,331287.863399,434905.774487,-617229.679399,182091.174259,-348180.093051,-271068.639700,-53066.012977,-151861.639686,174893.503642
-43103.415093,-715578.329135,601228.001819,715590.268334,-392208.280876,171354.604516,80834.774249,-456659.821840,-618118.817004,388821.189727,55298.699142,64565.969175
-634683.921046,-684814.496402,425063.843566,-118648.715414,-723167.320313,-209446.699473,-411421.208014,300393.136716,185239.821987,158904.616954,240665.061171,519032.805564
-409708.938721,166454.692238,-172960.538882,556080.743948,611530.968978,217870.244990,209258.688156,336012.450133,350638.403986,-658202.370014,-11192.928237,-285653.919427
-369627.979862,364191.259298,-125725.086587,736159.531039,-411751.470852,-201100.169743,40254.578968,489544.444379,-278908.387521,-26259.460275,573332.039274,210390.615677

Element-wise Multiplication - 12,12
282236317376.047058,253516494686.441895,338295787168.324707,32119357935.717632,310333663758.723755,369703894972.516846,221216041573.686401,115932400064.334503,92314692199.005432,493203155569.457092,14840878390.859804,99176159442.965790
54251774261.349541,131900180345.313416,160691902297.587982,374618678039.930115,3429593487.123791,56149960069.159134,477884695683.154419,402616837295.642273,165543103700.997467,58798794174.042664,84818085936.546661,46689298104.328178
216686221692.982056,125421530963.763184,601829662651.242310,280472511844.550842,283782530948.230225,201497222624.724213,56013256460.749702,210467945333.663422,124238209101.888748,158581289039.927734,104630202460.409988,10349771870.737518
12078304650.725014,149202335805.082428,332813326680.424377,89938450364.209229,237119552490.305573,120810031126.727493,75440273999.024796,5848679946.633825,695700072564.563843,202255960276.028687,7749978441.934011,642603114638.731812
68997030941.090164,37464985478.099724,46487125564.703529,20092102902.738533,108664265008.873947,26900057791.985798,243170824384.525635,619482809159.980469,658225020291.645630,267635576141.323822,93454145182.590012,111109376666.202332
135474923063.414825,5365545577.553902,468228954414.135681,538567151487.373718,42083750296.546684,33934812627.436871,470010464715.440796,584005542747.002930,317428636715.310547,61233554220.911186,5219277671.954824,68011154735.975487
14414854488.725372,434133944836.678711,466443597459.063171,896800102414.849121,64978430725.325668,236358851334.449707,483770102062.401367,559504931151.518066,383922475341.656738,100078896415.543274,327651113822.342957,5331799995.362195
574547113354.885132,224998686582.614960,162636516386.651825,112002528237.361298,398915693896.556641,379265469038.453857,792549516788.688110,172545203661.296722,384137271751.867859,102544860565.374008,275524473651.717346,368685457951.248657
11868494007.318800,140702082011.368195,348829951969.335876,93385715435.248627,40846821371.401894,5565825758.834089,313294997184.801697,272874202556.208008,266121647351.035339,216920064173.592590,150494827335.145355,369040917615.684631
282586234968.039734,262735532911.161591,140284040807.436859,683662217359.500244,266985273031.618591,31400304617.990971,406813457239.673218,637808351819.544434,110510691934.647476,196033154263.584198,3287163250.191917,281228815456.028442
11956783175.530254,216198169780.237457,400283094308.113647,292555297967.525574,190417279960.368896,44562964956.835068,290570188485.289734,199763657603.581055,233186646130.883514,337889143688.197754,9892623772.211403,592352239988.270264
542424430649.491943,30317699511.273102,221614955671.482147,29737770560.539814,442502690517.755005,157628194394.034882,4240638364.921904,367144702012.670837,153409719782.286011,883340150091.277344,407072589264.924255,579733510975.303467

Element-wise Division - 12,12
2.727151,1.120552,1.775832,0.055373,1.473621,1.799441,2.566327,1.596786,0.287724,0.737852,0.530921,0.478995
2.908782,0.693448,5.705632,0.777147,0.003539,0.072825,0.964507,1.541570,0.366791,0.085193,0.161620,1.594751
1.721516,2.101765,1.038416,0.288626,0.918763,0.861026,0.210077,1.235086,2.289087,0.335847,0.169465,17.305972
0.027480,1.904059,0.467609,2.403673,1.380885,0.675188,2.055376,3.598274,1.202762,2.062075,1.721924,0.716319
0.101196,4.093143,0.193705,0.377864,2.674008,3.078877,1.549100,0.949819,1.426695,0.652330,0.574632,3.766616
1.580254,0.012736,1.269453,1.216374,0.463387,0.129991,0.752755,1.626942,1.216287,0.698363,7.380696,0.124333
20.340724,0.509640,0.776532,1.005035,1.423149,1.084076,0.844723,1.291998,0.557016,1.969657,1.209922,0.541214
0.947730,2.034230,0.234942,2.594468,1.965320,0.381199,1.226524,0.442449,0.647948,0.847449,0.749527,1.332489
0.674950,0.183285,2.660361,7.347276,0.178988,7.135332,1.155222,0.428049,0.321065,2.253118,1.153067,1.112082
0.322243,0.285782,2.948836,0.866430,0.271177,0.325576,0.530278,1.453469,1.733701,1.429036,19.568854,2.568605
0.062592,1.427757,0.761448,2.684469,3.693181,2.693979,1.470798,2.085745,2.036118,0.339871,0.893619,0.691389
0.608504,6.213917,0.766224,20.174086,0.543621,0.605770,1.838071,2.197737,0.497657,0.972448,2.388892,1.317121

Transpose A - 12,12
877326.012738,397248.776346,610760.830761,18218.415889,83559.620105,462693.006434,541487.371128,737913.007366,89502.198758,301763.971347,27356.936028,574515.083346
532990.056241,302433.426720,513426.348492,533000.970625,391598.712083,8266.657232,470374.510066,676534.597394,160588.273496,274016.515562,555588.395447,434041.095670
775084.849838,957522.228459,790537.461465,394495.277357,94893.615814,770969.821398,601837.611930,195474.338448,963334.703402,643175.461830,552082.124778,412076.036968
42172.708311,539568.158010,284520.040286,464954.439205,87132.529760,809381.751196,949376.498281,539061.178685,828330.014350,769639.813278,886202.970639,774552.992615
676250.120150,3483.927688,510616.052580,572219.155114,539044.639929,139646.210941,304095.341045,885436.009835,85504.906413,269073.153272,838597.363664,490462.909886
815634.865677,63946.067022,416526.646800,285603.653755,287788.064654,66417.009757,506192.725701,380230.998149,199283.754016,101109.797735,346484.750720,309008.841245
753467.072061,678913.281040,108476.341298,393774.244837,613755.521297,594813.061721,639258.769595,985941.567523,601602.349830,464461.246969,653735.425020,88287.000068
430254.843207,787821.118345,509849.047422,145069.484986,767070.105117,974752.874794,850222.902333,276301.503085,341765.476517,962826.472414,645488.946497,898269.079694
162975.933039,246413.776969,533284.193956,914746.754479,969064.825728,621356.867003,462440.125558,498899.934907,292305.177531,437712.854774,689054.025339,276306.785577
603250.199002,70775.842806,230779.155516,645807.180341,417835.898629,206792.780145,443983.224041,294790.601419,699104.109354,529280.968731,338878.405745,926823.747384
88765.623311,117082.575081,133158.367892,115520.020136,231736.401825,196269.977513,629628.738934,454436.942237,416570.053400,253625.745594,94022.530972,986130.097399
217956.219474,272869.609913,423217.273516,678460.820297,646920.639091,91956.650609,53718.195509,700906.116698,640627.548720,849920.991830,639957.672487,873830.178090

Transpose B - 12,12
321700.614456,136568.763686,354780.809082,662972.276202,825722.171240,292796.565281,26620.850748,778610.903480,132605.613851,936447.892393,437065.874749,944143.063208
475649.576794,436129.636118,244283.393971,279928.825702,95671.881245,649058.673533,922953.807118,332575.285062,876166.602631,958831.011964,389133.703209,69849.836372
436462.907563,167820.545071,761291.769192,843643.373655,489886.755457,607324.620781,775032.314719,832009.550092,362106.701583,218111.618264,725042.663660,537801.123555
761614.779370,694293.524328,985774.188569,193434.975087,230592.443007,665405.602105,944620.078587,207773.315286,112739.746016,888288.528692,330122.226691,38393.461576
458903.672638,984404.325881,555765.000952,414385.905070,201586.764731,301359.772048,213677.823876,450530.235348,477713.187289,992240.473585,227066.394686,902214.380738
453271.323395,878083.089142,483755.899347,422998.899133,93471.763064,510935.568337,466934.508012,997460.677548,27929.149500,310556.497208,128614.505730,510109.010988
293597.490556,703896.519672,516363.806066,191582.550124,396201.444951,790181.815032,756767.251498,803850.393264,520767.575581,875882.454983,444476.736864,48032.421100
269450.540522,511051.084974,412804.429856,40316.403875,807596.078934,599131.900863,658068.524873,624481.596136,798425.298357,662433.335698,309476.496364,408724.635315
566431.438542,671809.448876,232968.106893,760538.443190,679237.345961,510863.649494,830210.126940,769968.574607,910423.994535,252473.032787,338415.621353,555215.173098
817576.449018,830774.906280,687156.033158,313183.201477,640527.960904,296110.696795,225411.436731,347856.614396,310282.919627,370376.351777,997080.775759,953083.207659
167191.732985,724429.624800,785757.621671,67087.751827,403277.795144,26592.338462,520387.799288,606298.581923,361271.354258,12960.684423,105215.459209,412798.058125
455027.893594,171104.792942,24454.984516,947148.450455,171751.170008,739600.173403,99255.009310,526012.613056,576061.579545,330888.186266,925611.591914,663439.562413

Matrix Multiplication - 12,12
2641341706923.362305,3054473625737.465332,3238756485213.431152,3902159790066.628906,3005715226936.479004,2833889400637.087402,3532718789194.526855,3276060935080.500000,3352221931243.286133,3270305437566.055176,2258026303387.019043,2090054563563.644043
1927361168858.050049,1984634615544.583008,2966797526326.639160,2548934886167.937012,2216455680836.910645,2456007303509.952637,2381756449405.284180,2049887787541.961182,2700232543982.401367,2330716390108.184570,2123044214294.711426,1751430582004.647949
2423748645451.535645,2145974865599.247803,2773577541033.150879,2584594054115.663574,2720106678963.759766,2369779556306.921387,2586169651148.509277,2609319364129.732422,2957500732118.097168,2997497950674.977539,2081246062797.799805,2116892797581.677734
2623535779578.944336,2632480290975.924805,2590373506703.198730,2327832172029.904297,3012016900017.409668,1978825189389.798096,2666264840134.656250,2913069778739.740234,3198748383387.962891,2749546179876.183594,1892630667527.041992,2272106273408.567383
2546601217259.015625,2703104049792.313965,2758654272692.513184,2082610563455.199951,2698617944752.397461,2230257727070.764648,2892632688107.248535,3142638881363.554688,3437466510773.034668,2624880046405.432129,2034507823346.158447,2299899569767.583496
2318293056736.664062,2393711807697.998535,3315708630459.666992,2437560702297.805664,2228313395903.480957,2383043162286.638672,2632691796446.703613,2363921317386.174316,3171331022531.403320,2303408899566.412109,1987817993223.467529,2311330882665.029297
2962682417759.623047,3185532325024.587402,3983310206729.963379,3359794683142.842285,3025796760750.968262,3043987354896.500000,3582551342734.401855,3053637622105.417969,3911487935645.296875,3315807106797.069824,2213364759097.095703,3209813392145.445312
3042933660339.707031,3123636565046.240723,3649292076373.386719,3269651763376.823242,3231255441238.521484,2785588071577.063477,3270232045473.175293,3431974567179.363770,4226524466491.684082,3851703122861.644043,2372221016676.023926,2913952654380.210449
2833075631613.666992,2519530213495.916992,3316629032490.740234,2897212308610.064941,2943500077417.620605,2335242126028.639160,2697271406051.075195,2422274467912.671875,2874761182895.016602,2871793947570.197266,1926819184727.788330,2488184913900.270508
3353737130824.643066,2524921132584.106445,3585834271397.921387,2606951903183.459473,3261021484563.082031,2910921702123.360840,2918087382531.494629,2828646189799.127441,3541413333934.035645,3194049082762.747559,2285155857552.201172,2828354512124.874023
3235978650609.361328,2771361045218.315430,3673844485084.192383,2732116619828.338867,3201650942677.898438,2809733203313.004883,3201790647009.304688,3338379289787.019531,4077733283785.839844,3195480883159.516602,2506664641564.537598,2785761033850.203613
4261603832956.971191,2983295860695.584961,4021622634011.296875,3097228421248.624512,3920382903127.746094,3177582440936.477539,3498714476679.378906,3275148241919.342285,3862471982837.929199,4339154850498.632812,2159119650069.281494,3831776956268.891602

