=== Pair 17 Results ===

Addition - 5,5
1531333.731131,1204879.264360,1587003.447882,909323.461754,228170.318630
455064.490003,1294604.701946,780976.178444,1415783.728000,692350.972112
1201006.527253,692214.293156,1023242.699284,1163085.581434,618184.186958
1204094.994233,1085854.174246,594066.119052,1853791.391201,845692.852369
1052499.902549,667525.372691,769562.483557,1442462.677354,914839.149637

Subtraction - 5,5
-448031.132399,261630.372962,179804.010468,244792.090314,-139440.138526
-37355.170713,321314.650914,-28229.439604,-58031.616744,128857.009704
399819.830383,357281.934192,535824.008322,172297.798502,33604.995032
-51491.267215,534159.743098,345317.737232,-116207.208129,295923.257399
258497.853495,38747.713785,697505.400221,-43873.661008,-253621.152099

Element-wise Multiplication - 5,5
536062775125.214844,345820897407.114868,621562615352.244873,191736497653.995178,8154535517.891415
51422070320.673279,393189557352.176453,152281722509.159668,500268973981.913818,115686434908.643661
320640195434.205017,87877561787.371033,189979563435.937927,330770384592.757568,95255598328.455688
361798351134.390503,223438164145.235260,58417553539.619110,855759601717.450684,156906456569.595093
260233726151.032959,111022184465.673538,26428158190.240128,519693419357.256226,193151745229.131287

Element-wise Division - 5,5
0.547298,1.554743,1.255549,1.736736,0.241370
0.848279,1.660265,0.930229,0.921250,1.457350
1.998069,3.133457,3.198619,1.347800,1.114972
0.917981,2.936433,3.776442,0.882023,2.076536
1.651126,1.123248,20.359801,0.940964,0.565888

Transpose A - 5,5
541651.299366,208854.659645,800413.178818,576301.863509,655498.878022
733254.818661,807959.676430,524748.113674,810006.958672,353136.543238
883403.729175,376373.369420,779533.353803,469691.928142,733533.941889
577057.776034,678876.055628,667691.689968,868792.091536,699294.508173
44365.090052,410603.990908,325894.590995,570808.054884,330608.998769

Transpose B - 5,5
989682.431765,246209.830358,400593.348435,627793.130724,397001.024527
471624.445699,486645.025516,167466.179482,275847.215574,314388.829453
703599.718707,404602.809024,243709.345481,124374.190910,36028.541668
332265.685720,736907.672372,495393.891466,984999.299665,743168.169181
183805.228578,281746.981204,292289.595963,274884.797485,584230.150868

Matrix Multiplication - 5,5
1450368871555.995361,933358720702.062988,966445909362.632690,1759318281220.810547,748904224729.932739
1145604000032.184570,871075708409.577881,664806665098.775757,1825080244886.800781,802538736927.249634
1782181624610.649170,1050044466026.302490,1060249732292.343872,1938687139962.768311,896751554275.735352
1729976057509.865723,1163750972323.522705,976305927491.741211,2301034167272.433105,1043731389175.967896
1599794629809.085938,900681782941.979004,881743489167.807373,1775919731436.372314,819760790108.100342

