=== Pair 18 Results ===

Addition - 3,3
1170938.464573,1028647.081257,1160650.891482
993773.741614,640431.079670,899206.695602
905395.759321,1281035.875328,1799626.177845

Subtraction - 3,3
-87492.225823,682047.350543,190046.053172
-107424.477630,-155690.151056,481541.072400
-729116.426303,159184.441330,71943.468143

Element-wise Multiplication - 3,3
340860499559.277954,148231557348.954803,327748247392.926697
244011557781.852722,96478136167.860443,144172719251.831451
72032679472.898026,403928306878.957764,808369629344.140259

Element-wise Division - 3,3
0.860950,4.935648,1.391603
0.804895,0.608878,3.305869
0.107848,1.283789,1.083283

Transpose A - 3,3
541723.119375,443174.631992,88139.666509
855347.215900,242370.464307,720110.158329
675348.472327,690373.884001,935784.822994

Transpose B - 3,3
629215.345198,550599.109622,817256.092812
173299.865357,398060.615363,560925.716999
485302.419155,208832.811601,863841.354851

Matrix Multiplication - 3,3
1363746568831.991699,813180908822.846191,1024918043667.873779
976513503916.050049,560528706102.357422,862062137833.286011
1216726690846.647461,826827857886.901611,1001526651750.759277

