=== Pair 14 Results ===

Addition - 7,3
399531.809262,1215625.105295,879149.318987
781373.575529,927902.817759,738579.142365
1312344.436027,1007927.369406,211222.240854
672050.205418,785781.394467,1136234.633851
509672.643247,230004.254183,582389.761139
770610.865568,668250.096180,968193.876464
1533070.103940,722312.221082,1582332.150490

Subtraction - 7,3
64090.396010,692293.976169,49801.103633
-637723.347875,316314.566727,-364032.410589
-552651.712119,-770536.046178,39846.015278
-521211.676652,94784.037457,-330888.118997
-189499.807445,-117102.610701,134318.782675
321693.352380,642719.207630,748478.858086
235261.944976,-478999.873066,-25331.633128

Element-wise Multiplication - 7,3
38879521937.862129,249618361795.898987,192605843788.060272
50963399027.518898,190237183520.350555,103244888394.345154
354206000965.740662,105547945884.518555,10756782524.462645
44997466680.996750,152117096533.463287,295385548967.285767
55964006563.172913,9797233877.322027,80284074625.061890
122588623291.494827,8367552797.011049,94294695355.166199
573738940210.177979,73073516581.791977,625783335709.344116

Element-wise Division - 7,3
1.382126,3.645721,1.120097
0.101227,2.034404,0.339691
0.407343,0.133481,1.465012
0.126409,1.274340,0.548929
0.457931,0.325265,1.599542
2.433196,51.348362,7.813179
1.362553,0.202539,0.968486

Transpose A - 3,7
231811.102636,71825.113827,379846.361954,75419.264383,160086.417901,546152.108974,884166.024458
953959.540732,622108.692243,118695.661614,440282.715962,56450.821741,655484.651905,121656.174008
464475.211310,187273.365888,125534.128066,402673.257427,358354.271907,858336.367275,778500.258681

Transpose B - 3,7
167720.706626,709548.461702,932498.074073,596630.941035,349586.225346,224458.756594,648904.079482
261665.564563,305794.125516,889231.707792,345498.678505,173553.432442,12765.444275,600656.047074
414674.107677,551305.776477,85688.112788,733561.376424,224035.489232,109857.509189,803831.891809

Matrix Multiplication cannot be done (incompatible dimensions).

