=== Pair 15 Results ===

Addition cannot be done (shapes differ).

Subtraction cannot be done (shapes differ).

Element-wise Multiplication cannot be done (shapes differ).

Element-wise Division cannot be done (shapes differ).

Transpose A - 8,6
85289.812437,639301.578256,797310.416065,903217.550520,139845.563149,482805.524055
292990.067091,399059.933289,740041.272869,452372.511184,252867.816298,693921.100579
559695.071640,944814.531545,202486.550804,221612.557516,791531.644390,179798.004456
956656.699857,484843.952798,884812.252275,376234.299386,688993.110443,244279.189273
559032.218034,685817.237517,891021.528089,877396.626588,797420.900022,251145.779518
686947.038896,672393.747911,266076.015062,812959.611849,154143.997224,317323.776051
647745.510053,647860.890377,494779.079544,848102.099113,349930.927961,893398.016801
311922.454408,905286.632787,763730.072926,587717.847409,710957.105776,827782.049768

Transpose B - 6,8
626610.082840,144929.678689,355389.386852,913617.454335,889166.082618,388012.180995,959625.138485,350807.705279
332906.198878,121773.238814,720698.422799,109793.502995,922886.078223,391906.956469,997769.904134,566461.373415
282290.535890,639215.433010,379848.011798,227034.173480,475246.366050,873552.486832,705188.603720,504188.924627
24145.147047,592420.585357,120867.888126,595760.910868,108068.505732,414490.257473,729520.785377,365984.905616
300929.637034,890231.958892,748096.283750,600078.727012,982247.123480,896774.155120,273682.232742,601908.686912
99139.603031,188441.002618,991646.515315,939571.158515,773796.083794,968518.920214,960138.934962,711048.027343

Matrix Multiplication - 6,6
2663468341249.372559,2180613274254.249756,2120966025723.899902,1745069865046.788574,2809439902332.131836,3459149326788.540527
3047154911783.671387,3051254313445.875488,2731119111667.150391,1811661292109.767578,3544232727282.657715,3978694289861.794434
3125429872013.590820,2451512842778.745117,2365778639790.597656,1856320118890.535400,3290100607355.421875,3215912357086.047852
3169645997752.052734,2864269357812.983887,2735265603087.579102,1806321390696.650146,3242803562131.613281,3446534677180.772949
2389115881121.753906,2271669601629.225586,1777049050569.386230,1324875337587.330566,2717984550061.363281,3101632053749.556641
2184331921489.916260,2118082927028.166992,2147539879547.510742,1703391073342.213867,2318145546954.356445,2534490796870.120117

