=== Pair 20 Results ===

Addition - 3,6
705492.135285,1626314.496787,580235.274426,1044941.966443,939127.676157,1423847.455028
1211661.964887,1212134.815835,576509.017932,1694301.566803,1205564.935850,376229.671065
975498.234427,1407950.216953,1263844.016295,680053.347417,1668556.475237,1033806.051494

Subtraction - 3,6
118714.165253,364955.424857,-417632.863688,-274047.019883,-878176.943893,-59508.883560
-164565.917135,-78993.263181,158289.563664,242086.012457,-2775.265200,-102865.147231
180894.244979,403996.086777,333991.932747,602518.838659,149171.998539,-348141.090738

Element-wise Multiplication - 3,6
120906524979.318024,627926595081.750000,40563941213.993988,254200486031.752563,27691511834.699448,505950066991.788757
360260694017.835449,365757719032.841675,76826765447.994888,703013040460.942505,363344778113.521057,32741881718.705696
229718519375.917969,454777743821.717590,371437771596.149902,24860901098.519207,690457106476.800537,236888183261.342651

Element-wise Division - 3,6
1.404631,1.578670,0.162950,0.584459,0.033539,0.919765
0.760845,0.877637,1.756969,1.333402,0.995406,0.570585
1.455307,1.804810,1.718376,16.541953,1.196358,0.496159

Transpose A - 6,3
412103.150269,523548.023876,578196.239703
995634.960822,566570.776327,905973.151865
81301.205369,367399.290798,798917.974521
385447.473280,968193.789630,641286.093038
30475.366132,601394.835325,908864.236888
682169.285734,136682.261917,342832.480378

Transpose B - 6,3
293388.985016,688113.941011,397301.994724
630679.535965,645564.039508,501977.065088
498934.069057,209109.727134,464926.041774
659494.493163,726107.777173,38767.254379
908652.310025,604170.100525,759692.238349
741678.169294,239547.409148,690973.571116

Matrix Multiplication cannot be done (incompatible dimensions).

