=== Pair 5 Results ===

Addition - 6,6
1138824.095727,636566.662466,768780.370057,1055929.264773,883079.494151,1222803.127415
793424.818530,935446.750644,1124074.496699,635421.150070,1146344.447176,1054413.004224
497822.231446,1043984.085794,729415.851703,1545316.744038,1060718.252822,541552.754485
201594.607326,776317.264763,1182917.781406,926358.302695,998821.454604,1142422.039590
827666.680154,1456164.563679,1147040.074455,1202359.547497,509383.655430,1325215.530323
1569312.713605,1320597.897605,921177.915164,1005700.217068,1137828.625912,461597.025871

Subtraction - 6,6
499568.655247,-59665.700858,220154.192347,217150.482573,776404.713315,498916.406643
239166.608954,-479188.721324,-567854.498853,544908.597910,-127063.760306,89503.450080
-234098.790540,285942.544902,657139.442591,-399489.197770,-890605.126026,-251002.609057
79038.285574,101668.218103,-30024.877186,651296.614701,934483.803898,509996.958664
-169503.950846,177573.507195,-538737.481799,-529182.679707,-189485.434566,-209525.589503
-182431.568031,-198503.481831,634909.486332,776625.572494,823572.963366,428482.961287

Element-wise Multiplication - 6,6
261837869925.780823,100414279976.056503,135638847244.254486,266958070030.590393,44256278533.059677,311582476899.585327
143080568955.201965,161359698161.571930,235271185565.379578,26708664470.009853,324490098097.037109,275943978975.114502
48256182597.395996,252034908101.525421,25053809426.700672,557103055067.321899,82986430341.492233,57569269034.217377
8598333779.111738,148083017249.216675,349598246079.114624,108488106162.744583,31096079607.393677,261257804673.611450
164075136021.185120,522220721514.229919,256365714527.651031,291408543238.827332,55891744626.640778,428073807288.172546
607365279017.009766,426143793714.929016,111364673887.882370,102071411689.747269,154095388989.333801,7368541544.918976

Element-wise Division - 6,6
2.562970,0.828604,1.802565,1.517778,15.556481,2.378438
1.863015,0.322527,0.328749,13.040509,0.800435,1.185517
0.360317,1.754424,19.184065,0.589173,0.087178,0.366599
2.289828,1.301396,0.950493,5.735640,30.049360,2.612830
0.660030,1.277764,0.360844,0.388773,0.457737,0.726956
0.791714,0.738657,5.435763,7.780546,6.241420,26.879213

Transpose A - 6,6
819196.375487,516295.713742,131861.720453,140316.446450,329081.364654,693440.572787
288450.480804,228129.014660,664963.315348,438992.741433,816869.035437,561047.207887
494467.281202,278109.998923,693277.647147,576446.452110,304151.296328,778043.700748
636539.873673,590164.873990,572913.773134,788827.458698,336588.433895,891162.894781
829742.103733,509640.343435,85056.563398,966652.629251,159949.110432,980700.794639
860859.767029,571958.227152,145275.072714,826209.499127,557844.970410,445039.993579

Transpose B - 6,6
319627.720240,277129.104788,365960.510993,61278.160876,498585.315500,875872.140818
348116.181662,707317.735984,379020.770446,337324.523330,639295.528242,759550.689718
274313.088855,845964.497776,36138.204556,606471.329296,842888.778127,143134.214416
419389.391100,45256.276080,972402.970904,137530.843997,865771.113602,114537.322287
53337.390418,636704.103741,975661.689424,32168.825353,349434.544998,157127.831273
361943.360386,482454.777072,396277.681771,316212.540463,767370.559913,16557.032292

Matrix Multiplication - 6,6
1729437700792.714111,2075652580948.440674,1695246291808.031738,1741949100752.632324,1155466507438.245850,1483868185525.440918
1121246575268.938477,1405819199996.110596,1214021108861.136963,1085196528561.405396,731071225359.167725,994310984775.659302
684897036205.330078,1136988101048.831543,1063703396139.663818,928612661972.302246,1177800893993.548828,892109407527.474243
1631413914323.075928,2089454500597.879395,1842135390283.434570,1679272501473.997803,1342387293598.313721,1495911096465.671143
1031843741068.359375,1447129979624.709717,1211102257487.798828,719403987900.790161,988777345482.927856,872149533359.760132
1595228580432.948975,2198730413491.558105,2123749837101.654541,2095383026337.896484,1594601370231.957520,1871713813158.690674

